1 1 1 1.000000
1 2 1 2.000000
1 3 4 5.000000
1 4 5 9.000000
2 1 4 8.000000
2 1 3 6.000000
2 2 1 3.000000
2 3 4 8.000000
2 4 5 7.000000
3 1 4 7.000000
3 2 5 9.000000
3 2 2 4.000000
3 3 4 2.000000
3 4 1 4.000000
4 1 3 2.000000
4 2 1 3.000000
4 3 4 5.000000
4 4 5 1.000000
5 1 1 1.000000
5 2 1 2.000000
5 3 4 5.000000
5 4 5 9.000000
6 1 4 8.000000
6 1 3 6.000000
6 2 1 3.000000
6 3 4 8.000000
6 4 5 7.000000
7 1 4 7.000000
7 2 5 9.000000
7 2 2 4.000000
7 3 4 2.000000
7 4 1 4.000000
8 1 1 1.000000
8 2 1 2.000000
8 3 4 5.000000
8 4 5 9.000000
9 1 4 6.000000
9 2 5 8.000000
9 3 2 4.000000
9 4 2 8.000000
9 4 1 4.000000
10 1 1 9.000000
10 1 4 6.000000
10 2 5 9.000000
10 3 2 7.000000
10 4 3 8.000000
